
=== tv_detail_page.dart ===
Lines: 13, 64, 65, 66, 148, 195, 198, 199, 216, 217, 218, 222, 223, 226, 229, 231, 239, 240, 241, 242, 243, 250, 274, 275, 278
Total: 25

=== watchlist_tv_page.dart ===
Lines: 13, 64, 65, 66, 148, 195, 198, 199, 216, 217, 218, 222, 223, 226, 229, 231, 239, 240, 241, 242, 243, 250, 274, 275, 278
Total: 25

=== tv_search_page.dart ===
Lines: 13, 64, 65, 66, 148, 195, 198, 199, 216, 217, 218, 222, 223, 226, 229, 231, 239, 240, 241, 242, 243, 250, 274, 275, 278
Total: 25

=== home_tv_page.dart ===
Lines: 13, 64, 65, 66, 148, 195, 198, 199, 216, 217, 218, 222, 223, 226, 229, 231, 239, 240, 241, 242, 243, 250, 274, 275, 278
Total: 25

=== top_rated_tv_page.dart ===
Lines: 13, 64, 65, 66, 148, 195, 198, 199, 216, 217, 218, 222, 223, 226, 229, 231, 239, 240, 241, 242, 243, 250, 274, 275, 278
Total: 25

=== tv_detail_bloc.dart ===
Lines: 13, 64, 65, 66, 148, 195, 198, 199, 216, 217, 218, 222, 223, 226, 229, 231, 239, 240, 241, 242, 243, 250, 274, 275, 278
Total: 25

